$ANSIBLE_VAULT;1.1;AES256
31333834343333623838613736643038623964386530376263333637346163333666653263303463
3861393234643532396533313565333965396632616233390a386636323137623337393738643961
36306239653834656132646331363738366232393933333039366539643539393434353063666635
6139656364363236630a316162303139666238646437306636616463386163636138613639613364
35663235333733376362333838343364313533343763303763306230316162653630383235373163
35306364323933386364326439376636623836343936636531336163323235646661363863363939
34613865303631666166386465623661383039396139383432303461306338356334653938363665
38626331656464666638326535353332646433363434306633663062656261353130363330396636
62323531316366356165666264646565383764343439666666326637656261653362393066636261
30616539643562393564346439333732613338616639656133343765393939643261333236336438
66653133336330643964363531303561633731396534313463636438366332363930323433323936
30363638653837396134343533373765306665623636616239653033313163376434313332646636
37363961323366653230353463396439353633356437346334396130343737343066323938343237
62373466613966643731353239663631613932323739323635333762666364373435373538623639
39633433333833636637393162356364363635306633636236333239313231336663396130613630
39396261386663663737626561366332353031656139623439656563383733643631353534353537
38333535633063663464653562326533393637383231366432646439336537386465353232366133
31353832666662653066663539643135356436313362646538663336336562356364336661393238
63353138313462313230313132663366353037363339663331353330306631643033343438333561
34353138316261323132333731643738643237353139336236626134323163346365326138346662
39626262316465383565623431343236363463636366306630636334336339386264633737633838
31363230333037303135393133626466303636316336646234633035353633396364373638393364
35363466383735663866353437333731613830646237306564643533393835623637343837383836
35363064373738663665343666393866363330333164313930663461643065353865316139646631
31666162653437653466656364653837383436393834396265643238663539383339393666353162
66306139633162343730393264626330373561666436353561653463623139663861653532333934
63326632366536376139646130383035386634393234336533306166616265323237376463383130
33393234313638653432626263663138613365396435633664633531666438623864643132303533
36636438313062636437336135383432633663613633643035633136386261396233333530343665
39656234623434346238623661376439303261333730393137396161643939356131646134326530
34376631636166336234643131633433313664646664393832623536633739396634633835323461
61396639343333353865386464363631623536386134353137646432326431303265313864323036
64663733393734616364316637373737613162313962653365363265306561356132616236346435
65633562636632613234623031653862353337383234353435363466363263333235663033346635
33613436393764636130633838623138316362613966633234373636653935363634636136653433
37323636393165303262316163636465356565393164643664343130656139393964323937636461
64356230623632643134303930306239653363353837346163386136643537663164383235373865
65356339646432643363633363353434346465343131633432653238313665666334303835653065
38323133616334383161633466333536623039316333636437316330303566666639646333333635
34613038393036643634663838396565326534376538343034343861366437383865633362383663
36666632643938353937353933323764313130303466353439343662623038326335666161393862
35633262616539623733383166646462356631623033336132633937323934333738313464343061
61396265323933393466656366353733646133376533623035613637646138353733326432303863
34346234323864626234376636303838343463306132356665306135656165343264383036633264
33623564306433353761333136393165343466383832666239353162623030313637353830363937
39373964623634323832616231363061643330383330643964643263616231323737313836313361
65336230636333623365353762633763393061623164636236306633626231653735613434333765
64616436373962646566393964636336346433393332353262383931336533653632363231323531
36383161663362363135363765366437313131343430623337373636333537363565336165393935
38393334633431626432343163646631376166643666386236636163623033323834303561383334
35663931333339656231343361336262623133626464346231653263343664373635316138636465
31373064623661383138666536383137346430653663616133613831366336343536663631343433
63623734353135383262343764643464386366383937346536353962653665646135663262326264
35393561643631323533323531393332393938623963646139393462323263653662656232386636
35616635373630386265323562383536353538346238313462653630303237356633366534656263
37663866376361383366613038323837383435666161653235313132353264353433626263316238
63376237376365626263393430313665653538663630656263643635393535653738366338356535
32353464333761393636303861326231613066646432366439383833643566383639393535313033
62373639346531383934373065653763326630353232663036383633363963356436386265336536
66623933333630663164336339373966356663386636316664663961336239396130326663656335
33393833393036396662393262666332333265333965393136343632306230626637666339393062
31306366306632343565653563636430323662323336653163353961383934343965333065633830
61363231643264336434316237613463353163613339353332316237373432366261333639663262
65653834396436373431643761656361326163356365666136653230303336373663303332623638
62343166333335346338623863623234353834383037653730653563636661336438356236386365
31643630623536323233636530623535656438343535363863353631373438333032316461666337
65363231653062643735386363376232323665396435336330396134623262656337333739356366
36373433656261346265336534613263363034313339366636663231353664613733366238623339
61363535613438383439313964353532633764623336323439396534393632393665636338393637
35343038333638353366393233633538666562643439376363316335626664326134633437656331
37386136383131633663366538653239613563376138316631646530303666613132333637373662
33333732316632333236383366623664383866353366643266323237356632613935636265323638
39366466336334346337643139633664363533386562646363373733386537616338336538653163
31646464636630383130646635313435306335623232323763303730643837373239663039396439
35333330353937373265313737343361666662353565623935646135336337353633393562363036
34336463623835333865623533666630346137356163343030613835346239356665313930333639
39616337343034313335383933653533383733316433303932346332373264393038383336333566
37316462366361356362326336633431626265363234363732346666663163333561366335656362
33363230386363326666326530386664616633656330346664393338656665333865373133383431
35373937303439353764316535666262646138396432336463393061313531663961303031346537
31656232356431363962656163336439393563613831636563346438303734336238663838643738
32373463326234356534643165656161653566353834303737383631326165646537646365313431
62326165373062383734383064346361666135643565636433653062383462323231646634303665
36373439353439663837633362376165306663306436323665646262386266633966663161356230
62336162316337343236373536663261353133636234373666613939366365646230316264616231
64633861393835306366353138366366633739653332303832353863663539303636633965663865
66373466386437383363663331376530323638636232326562386430393437393266633334346133
63323930323530396631
